topic_1,topic_2,topic_3,topic_4,topic_5,topic_6,topic_7,topic_8,topic_9,topic_10,topic_11,topic_12
0.06857145,0.017883258,0.0508165,0.0025275813,0.27980432,0.005235043,0.0035780587,0.101412,0.3612647,0.0054059858,0.10115134,0.002349779
0.015927464,0.0073626656,0.009150669,0.011541469,0.46038887,0.02390431,0.016338171,0.017292203,0.31228167,0.02468487,0.09039804,0.010729587
0.009545037,0.093460836,0.094532356,0.051440854,0.27590257,0.014325414,0.0988397,0.27750847,0.053571872,0.014793189,0.009649624,0.0064300443
0.0037970173,0.0017552178,0.037604988,0.0027514207,0.46398932,0.005698652,0.0038949272,0.21666348,0.0035991396,0.21842584,0.039262142,0.0025578726
0.0033257746,0.00153738,0.0019107286,0.0024099457,0.4219178,0.020504978,0.0034115333,0.3293959,0.0031524554,0.14477658,0.06541653,0.0022404187
0.03986841,0.0032534504,0.004043542,0.0051,0.4660813,0.07622356,0.0072195902,0.23745328,0.0066713216,0.010907871,0.13843644,0.0047412417
0.047698133,0.0038923924,0.0048376494,0.0061015845,0.007725128,0.4839712,0.16574872,0.12697525,0.007981496,0.09160569,0.04779039,0.00567237
0.03926585,0.01815112,0.02255907,0.02845309,0.402347,0.058931097,0.04027836,0.04263033,0.03721955,0.06085541,0.22285756,0.026451563
0.012278491,0.0056758826,0.121603996,0.0661722,0.011264774,0.24752733,0.2416946,0.12788032,0.12618837,0.01902958,0.01241303,0.008271445
0.35101056,0.028644117,0.03560026,0.04490156,0.05684922,0.09299863,0.063562915,0.06727453,0.058735833,0.09603537,0.06264405,0.041742973
0.015927464,0.0073626656,0.009150669,0.23442966,0.0146124875,0.09820037,0.016338171,0.017292203,0.53516984,0.02468487,0.016101986,0.010729587
0.06955337,0.0056758826,0.121603996,0.2952717,0.011264774,0.3048022,0.012595105,0.013330569,0.12618837,0.01902958,0.01241303,0.008271445
0.011016548,0.0050925342,0.3660477,0.007982887,0.16427207,0.01653389,0.011300622,0.3202906,0.010442432,0.06846213,0.011137259,0.0074213324
0.0057229106,0.0026454856,0.16346022,0.19101465,0.005250425,0.008589078,0.005870482,0.27316707,0.005424667,0.27582335,0.0057856184,0.05724602
0.1932324,0.0086476365,0.27253547,0.27534354,0.017162735,0.11533881,0.019189594,0.020310128,0.017732302,0.028993003,0.018912189,0.01260217
0.033187225,0.015341203,0.019066771,0.024048356,0.030447276,0.049808163,0.034042995,0.19083768,0.031457707,0.5158551,0.03355087,0.02235668
0.009138167,0.1321033,0.005250072,0.0066217612,0.008383716,0.31209928,0.009373804,0.22305295,0.051288296,0.2272944,0.009238296,0.006155955
0.015927464,0.0073626656,0.009150669,0.011541469,0.0146124875,0.2467925,0.016338171,0.017292203,0.6094659,0.02468487,0.016101986,0.010729587
0.0024234583,0.0011202734,0.0013923286,0.0017561031,0.02483255,0.25233808,0.2172731,0.17219992,0.29621646,0.026365126,0.0024500128,0.0016325704
0.14301774,0.002718045,0.0033781147,0.0042607165,0.0053944318,0.1459625,0.14316934,0.0063836914,0.38955945,0.036540385,0.11565459,0.0039609973
0.13701724,0.0042242296,0.17575552,0.0066217612,0.008383716,0.013714774,0.09462652,0.09517389,0.008661941,0.14204168,0.3076228,0.006155955
0.056117516,0.0025114,0.18051763,0.003936787,0.004984309,0.3376041,0.15762694,0.031240692,0.18254606,0.008419992,0.03083471,0.0036598546
0.43540174,0.0042242296,0.005250072,0.0066217612,0.3067682,0.013714774,0.009373804,0.009921167,0.17916736,0.014162609,0.009238296,0.006155955
0.010478096,0.004843628,0.2504032,0.00759271,0.00961302,0.26010907,0.010748285,0.10912923,0.009932041,0.016239272,0.30385286,0.0070586023
0.6163813,0.011714296,0.014559081,0.01836294,0.023249052,0.038032714,0.025994685,0.02751259,0.024020603,0.039274618,0.14382692,0.017071202
0.028738337,0.013284648,0.016510788,0.2889332,0.026365688,0.31123978,0.1635337,0.03120077,0.027240667,0.044539552,0.02905323,0.01935967
0.015927464,0.0073626656,0.1577428,0.011541469,0.088908546,0.61827284,0.016338171,0.017292203,0.015097422,0.02468487,0.016101986,0.010729587
0.0070381053,0.0032534504,0.004043542,0.0051,0.10494795,0.3716963,0.43401352,0.0076411627,0.0066713216,0.010907871,0.0071152234,0.037571542
0.009545037,0.00441231,0.0054838276,0.0069165905,0.008756995,0.281471,0.0988397,0.32203275,0.18714467,0.014793189,0.054173887,0.0064300443
0.028738337,0.013284648,0.15056509,0.020824572,0.2944743,0.043131165,0.029479384,0.03120077,0.027240667,0.044539552,0.29716185,0.01935967
0.073779054,0.06677531,0.0074828337,0.009437878,0.01194916,0.14105658,0.37788782,0.13564964,0.012345709,0.020185715,0.13467634,0.008773972
0.033187225,0.17014803,0.019066771,0.024048356,0.030447276,0.204615,0.18884984,0.19083768,0.031457707,0.051434577,0.03355087,0.02235668
0.31625733,0.0027946967,0.003473381,0.11718511,0.00554656,0.00907352,0.03440265,0.0065637184,0.00573063,0.4887878,0.0061119394,0.0040727016
0.0037970173,0.12573753,0.037604988,0.02046318,0.003483534,0.714169,0.0038949272,0.0041223634,0.0035991396,0.005884733,0.0038386222,0.073404916
0.105426885,0.02222213,0.0024902094,0.0031408279,0.105069034,0.067160666,0.0044461745,0.024924295,0.004108524,0.28977653,0.105474375,0.26576033
0.5270037,0.002718045,0.0033781147,0.0042607165,0.06024957,0.008824656,0.033459067,0.0063836914,0.087856166,0.036540385,0.0059443037,0.22338156
0.005298569,0.29904103,0.003044141,0.028555458,0.004861117,0.13153209,0.005435198,0.030468548,0.05445439,0.008211884,0.17836845,0.25072914
0.005432847,0.7881238,0.0031212866,0.003936787,0.030326642,0.008153743,0.005572939,0.031240692,0.030492054,0.059104662,0.03083471,0.0036598546
0.018707208,0.0086476365,0.7961111,0.0135557465,0.017162735,0.028076215,0.019189594,0.020310128,0.017732302,0.028993003,0.018912189,0.01260217
0.025341235,0.7209624,0.014559081,0.01836294,0.023249052,0.038032714,0.025994685,0.02751259,0.024020603,0.039274618,0.025618905,0.017071202
0.17412984,0.005368408,0.006672111,0.17093185,0.010654537,0.017429568,0.0119128,0.28346926,0.22769679,0.017998707,0.06591275,0.007823362
0.25486138,0.004843628,0.05489655,0.00759271,0.302873,0.015725771,0.059624948,0.1580059,0.009932041,0.113992594,0.010592908,0.0070586023
0.068219386,0.0030529893,0.0037943993,0.004785764,0.31413385,0.13314198,0.0067747557,0.007170353,0.037067734,0.41073284,0.0066768196,0.0044491105
0.4550202,0.0086476365,0.010747691,0.0135557465,0.017162735,0.028076215,0.019189594,0.28209794,0.1049949,0.028993003,0.018912189,0.01260217
0.007807026,0.0036088936,0.0044853035,0.005657181,0.371333,0.0117169665,0.044425394,0.08131008,0.043817222,0.3762701,0.00789257,0.04167628
0.009545037,0.048936576,0.0054838276,0.0069165905,0.008756995,0.014325414,0.009791166,0.27750847,0.053571872,0.54908437,0.009649624,0.0064300443
0.0068143867,0.0031500338,0.003915011,0.10029809,0.006251788,0.01022719,0.006990103,0.1345452,0.006459262,0.7098693,0.006889054,0.004590533
0.013024465,0.0060207187,0.0074828337,0.009437878,0.01194916,0.20181118,0.013360315,0.014140462,0.49838236,0.20244947,0.013167178,0.008773972
0.35101056,0.028644117,0.03560026,0.04490156,0.05684922,0.09299863,0.063562915,0.06727453,0.058735833,0.09603537,0.06264405,0.041742973
0.2723027,0.022221185,0.027617538,0.03483319,0.044101793,0.07214535,0.27354226,0.05218942,0.04556537,0.07450115,0.048597235,0.032382853
0.025341235,0.7209624,0.014559081,0.01836294,0.023249052,0.038032714,0.025994685,0.02751259,0.024020603,0.039274618,0.025618905,0.017071202
0.047698133,0.0038923924,0.0048376494,0.0061015845,0.007725128,0.012637401,0.24430434,0.048419617,0.007981496,0.013050057,0.59767985,0.00567237
0.07229876,0.0022289644,0.002770262,0.0034940501,0.0044237664,0.007236761,0.22986917,0.0052350205,0.65684724,0.0074730674,0.0048746956,0.003248262
0.051764525,0.0042242296,0.005250072,0.0066217612,0.008383716,0.013714774,0.052000165,0.009921167,0.81856275,0.014162609,0.009238296,0.006155955
0.048070513,0.022221185,0.47608188,0.03483319,0.044101793,0.07214535,0.049310062,0.05218942,0.04556537,0.07450115,0.048597235,0.032382853
0.09746478,0.007953586,0.009885092,0.012467776,0.015785271,0.025822846,0.017649457,0.018680058,0.016309125,0.66873795,0.0976533,0.011590733
0.009138167,0.0042242296,0.005250072,0.0066217612,0.17888914,0.14159384,0.052000165,0.009921167,0.2644201,0.014162609,0.3076228,0.006155955
0.4111675,0.0017552178,0.055316746,0.0027514207,0.003483534,0.005698652,0.0038949272,0.021834122,0.0035991396,0.16529056,0.3226503,0.0025578726
0.24137798,0.0056758826,0.0070542553,0.12344707,0.011264774,0.018427845,0.012595105,0.013330569,0.01163861,0.01902958,0.41333714,0.12282119
0.009545037,0.00441231,0.0054838276,0.0069165905,0.008756995,0.014325414,0.054315433,0.0103629,0.009047607,0.10384172,0.76656216,0.0064300443
0.03926585,0.01815112,0.02255907,0.21161456,0.036024045,0.24209258,0.04027836,0.04263033,0.03721955,0.06085541,0.22285756,0.026451563
0.003605441,0.0016666594,0.002071403,0.0026125996,0.18830714,0.03904738,0.07097091,0.003914372,0.121144414,0.022405948,0.54182494,0.0024288169
0.009138167,0.0042242296,0.005250072,0.0066217612,0.008383716,0.013714774,0.009373804,0.009921167,0.008661941,0.014162609,0.9043918,0.006155955
0.038601123,0.0031500338,0.13106196,0.004937888,0.006251788,0.042013925,0.03877684,0.03918501,0.006459262,0.07413462,0.61083704,0.004590533
0.03926585,0.2013126,0.388882,0.02845309,0.036024045,0.058931097,0.04027836,0.04263033,0.03721955,0.06085541,0.039696094,0.026451563
0.2771743,0.0024493283,0.027760115,0.0038394856,0.004861117,0.08210014,0.005435198,0.22819634,0.07917036,0.03292786,0.25251636,0.0035693976
0.11610109,0.009474397,0.20298597,0.110457115,0.018803583,0.03076045,0.021024222,0.21346264,0.019427605,0.22297564,0.020720296,0.013807005
0.054906037,0.15777737,0.0005536506,0.12206862,0.07280727,0.15877819,0.081902064,0.0010462448,0.00091345195,0.019474318,0.077392586,0.25238022
0.048070513,0.022221185,0.2518497,0.25906536,0.044101793,0.07214535,0.049310062,0.05218942,0.04556537,0.07450115,0.048597235,0.032382853
0.022662362,0.75046,0.013020011,0.016421758,0.020791348,0.0340122,0.023246735,0.024604177,0.021481337,0.03512282,0.022910679,0.015266572
0.0012576483,0.07097925,0.08285342,0.00091132586,0.007020307,0.02535347,0.042355515,0.11869523,0.048124034,0.26594123,0.018870901,0.3176377
0.008420312,0.04317021,0.0048376494,0.2417685,0.08628076,0.051915217,0.0086374385,0.009141804,0.007981496,0.013050057,0.008512576,0.516284
0.0022457477,0.0010381243,0.032717116,0.0016273292,0.23252419,0.2757368,0.0023036567,0.012913802,0.054506857,0.1396637,0.002270355,0.24245232
0.0042485087,0.001963925,0.022258667,0.0030785836,0.34080052,0.0856475,0.0043580607,0.0046125404,0.004027102,0.04622009,0.3015622,0.1812223
0.022662362,0.75046,0.013020011,0.016421758,0.020791348,0.0340122,0.023246735,0.024604177,0.021481337,0.03512282,0.022910679,0.015266572
0.07855141,0.0064101657,0.0079668565,0.20410174,0.46551332,0.020811835,0.01422452,0.01505513,0.0131442845,0.15086034,0.0140188895,0.009341512
0.22242734,0.01815112,0.02255907,0.02845309,0.036024045,0.058931097,0.04027836,0.04263033,0.03721955,0.2440169,0.22285756,0.026451563
0.011016548,0.0050925342,0.006329242,0.5732547,0.010107017,0.01653389,0.011300622,0.011960497,0.26738417,0.06846213,0.011137259,0.0074213324
0.0037970173,0.0017552178,0.0021814676,0.4101219,0.003483534,0.005698652,0.0038949272,0.0041223634,0.48181668,0.005884733,0.07468566,0.0025578726
0.0070381053,0.0032534504,0.036873844,0.037930302,0.0064570364,0.010562952,0.0072195902,0.040471464,0.0066713216,0.66751397,0.0071152234,0.16889277
0.003667115,0.0016951689,0.002106836,0.0026572903,0.08889341,0.0055036917,0.020867487,0.2605685,0.0034760071,0.24516477,0.0037072967,0.36169243
0.03986841,0.036083754,0.004043542,0.10359091,0.07211764,0.010562952,0.040049896,0.0076411627,0.039501626,0.27355027,0.0071152234,0.3658746
0.0033781824,0.0015616062,0.017698878,0.12851225,0.06613144,0.052344177,0.0034652923,0.0036676407,0.14502451,0.24160622,0.003415198,0.33319458
0.063701935,0.001963925,0.061894286,0.0030785836,0.00389775,0.0063762604,0.0043580607,0.0046125404,0.22202301,0.6209366,0.004295061,0.0028620213
0.0040865364,0.0018890514,0.021410067,0.0029612142,0.17530954,0.044257697,0.042316444,0.0044366894,0.022935836,0.19695608,0.1756917,0.30774915
0.10680219,0.027853737,0.0031212866,0.003936787,0.004984309,0.008153743,0.005572939,0.0058983583,0.00514972,0.03376233,0.18288872,0.6118759
0.35276288,0.0026454856,0.0032879345,0.004146975,0.058641188,0.008589078,0.032565866,0.006213276,0.005424667,0.27582335,0.11256714,0.13733217
0.6372471,0.0068534794,0.14683363,0.0107432855,0.013601919,0.022251138,0.084366165,0.01609631,0.014053316,0.022977717,0.014988407,0.009987552
0.028738337,0.013284648,0.016510788,0.020824572,0.026365688,0.043131165,0.029479384,0.03120077,0.027240667,0.17859386,0.02905323,0.5555769
0.0048218607,0.0022289644,0.025262559,0.25090933,0.18436214,0.007236761,0.004946198,0.09520421,0.027062872,0.052457664,0.0048746956,0.34063274
0.0030863713,0.001426713,0.0017731863,0.031030158,0.0028315594,0.004632098,0.0031659566,0.003350826,0.10370344,0.22073603,0.03191388,0.59234977
0.022662362,0.75046,0.013020011,0.016421758,0.020791348,0.0340122,0.023246735,0.024604177,0.021481337,0.03512282,0.022910679,0.015266572
0.004614289,0.0021330116,0.0026510076,0.024867684,0.0042333314,0.07149737,0.21997374,0.04805776,0.11199406,0.028675415,0.4781939,0.0031084304
0.4550202,0.0086476365,0.010747691,0.0135557465,0.017162735,0.3771266,0.019189594,0.020310128,0.017732302,0.028993003,0.018912189,0.01260217
0.03724169,0.0016666594,0.002071403,0.0026125996,0.0033077744,0.13995612,0.18869777,0.03755062,0.0034175473,0.0055878228,0.5754612,0.0024288169
0.09022353,0.0073626656,0.009150669,0.08583753,0.088908546,0.09820037,0.016338171,0.091588266,0.015097422,0.47046125,0.016101986,0.010729587
0.25804108,0.0022802525,0.0028340055,0.04959413,0.004525556,0.007403278,0.028069852,0.0053554773,0.07370527,0.14570408,0.41916403,0.0033230039
0.09746478,0.007953586,0.09014408,0.33350375,0.015785271,0.18634082,0.017649457,0.018680058,0.17682712,0.026666055,0.017394315,0.011590733
0.005170768,0.02651008,0.002970717,0.027866706,0.077103354,0.0077604093,0.39122134,0.10209314,0.0049012993,0.008013815,0.34290504,0.0034833045
0.061965078,0.3176896,0.03560026,0.04490156,0.05684922,0.09299863,0.063562915,0.06727453,0.058735833,0.09603537,0.06264405,0.041742973
0.40149137,0.004843628,0.00601989,0.00759271,0.00961302,0.06460243,0.059624948,0.011375908,0.0588087,0.016239272,0.30385286,0.05593526
0.14305589,0.0033638878,0.004180799,0.039217837,0.006676219,0.45220286,0.007464657,0.04184526,0.14267665,0.045222856,0.1091909,0.004902182
0.1981294,0.002390251,0.002970717,0.003746878,0.17358267,0.0077604093,0.19826272,0.005613824,0.05314096,0.2492121,0.10170674,0.0034833045
0.35101056,0.028644117,0.03560026,0.04490156,0.05684922,0.09299863,0.063562915,0.06727453,0.058735833,0.09603537,0.06264405,0.041742973
0.4083946,0.076442994,0.0044853035,0.005657181,0.0071624755,0.0117169665,0.0080083385,0.008475969,0.15306838,0.048516624,0.00789257,0.2601786
0.005432847,0.6107274,0.0031212866,0.003936787,0.004984309,0.13486542,0.030915275,0.0058983583,0.05583439,0.008419992,0.005492376,0.13037153
0.0624049,0.364811,0.006329242,0.007982887,0.010107017,0.06792224,0.011300622,0.1147372,0.010442432,0.06846213,0.011137259,0.26436308
0.10239019,0.1859092,0.0017480203,0.0022047267,0.016983889,0.10391398,0.18762374,0.0033032694,0.04546156,0.0047154645,0.28692627,0.058819707
0.007807026,0.44061354,0.0044853035,0.005657181,0.07999658,0.30305338,0.08084244,0.008475969,0.0074001714,0.048516624,0.00789257,0.005259228
0.013866946,0.0064101657,0.84886485,0.0100483615,0.012722085,0.020811835,0.01422452,0.01505513,0.0131442845,0.021491416,0.0140188895,0.009341512
0.025341235,0.7209624,0.014559081,0.01836294,0.023249052,0.038032714,0.025994685,0.02751259,0.024020603,0.039274618,0.025618905,0.017071202
0.0044238507,0.0226807,0.1057202,0.6635487,0.004058616,0.13045374,0.004537924,0.004802907,0.0041933064,0.04812766,0.004472324,0.002980141
0.0362938,0.0029617453,0.063454464,0.27362332,0.48406583,0.03950261,0.00657228,0.0069560544,0.06584664,0.009929868,0.006477271,0.0043161414
0.008764565,0.0040515275,0.00503543,0.57872194,0.008040959,0.29933953,0.008990569,0.050399188,0.008307809,0.013583591,0.008860601,0.0059042773
0.14635958,0.0023339563,0.0029007513,0.4275904,0.24014978,0.054681167,0.028730948,0.005481608,0.07544116,0.007825076,0.005104311,0.0034012664
0.10823142,0.004843628,0.00601989,0.54523593,0.00961302,0.06460243,0.010748285,0.011375908,0.0588087,0.016239272,0.010592908,0.15368858
0.0070381053,0.0032534504,0.004043542,0.26774243,0.0064570364,0.010562952,0.0072195902,0.23745328,0.0066713216,0.3720412,0.072775826,0.0047412417
0.06578551,0.005368408,0.006672111,0.008415338,0.4440319,0.017429568,0.0119128,0.33764142,0.011008121,0.072170876,0.011740589,0.007823362
0.0072770114,0.0033638878,0.004180799,0.31077558,0.3461234,0.21458982,0.007464657,0.00790054,0.040842496,0.045222856,0.007356748,0.004902182
0.0033781824,0.080351815,0.001940838,0.5067053,0.1606797,0.16265047,0.0034652923,0.0036676407,0.003202132,0.036751695,0.03493128,0.0022757233
0.0072770114,0.07125332,0.004180799,0.5823333,0.07456566,0.14670038,0.0753541,0.00790054,0.006897778,0.011278135,0.007356748,0.004902182
0.009138167,0.0042242296,0.005250072,0.47551167,0.051010072,0.013714774,0.009373804,0.009921167,0.051288296,0.2272944,0.13711737,0.006155955
0.0055741076,0.0025766997,0.0032024442,0.91408354,0.0051139076,0.008365751,0.0057178424,0.0060517234,0.031284887,0.008638923,0.005635185,0.0037550156
0.005879876,0.002718045,0.0033781147,0.79966027,0.032822,0.09110737,0.006031495,0.0063836914,0.005573453,0.036540385,0.0059443037,0.0039609973
0.35101056,0.028644117,0.03560026,0.04490156,0.05684922,0.09299863,0.063562915,0.06727453,0.058735833,0.09603537,0.06264405,0.041742973
0.006221138,0.0028757972,0.0035741767,0.0045080036,0.03472695,0.009336828,0.0063815564,0.61616236,0.0058969297,0.29983607,0.0062893047,0.004190889
0.0057229106,0.0026454856,0.0032879345,0.030842355,0.29889962,0.03528446,0.005870482,0.4600348,0.005424667,0.008869542,0.13926253,0.003855257
0.1622199,0.013492555,0.0015119744,0.0019070088,0.051518492,0.0039497335,0.0026995728,0.5061738,0.0024945624,0.249599,0.0026605476,0.0017728606
0.049648203,0.0040515275,0.086802706,0.0063510397,0.008040959,0.013154063,0.008990569,0.17305009,0.049191445,0.5859545,0.008860601,0.0059042773
0.05658888,0.0046179197,0.005739369,0.007238897,0.10236317,0.014992964,0.010247425,0.43023726,0.009469217,0.3416759,0.010099288,0.0067296783
0.74362797,0.004843628,0.00601989,0.00759271,0.058489677,0.015725771,0.010748285,0.011375908,0.009932041,0.016239272,0.108346224,0.0070586023
0.0070381053,0.0032534504,0.004043542,0.037930302,0.30192977,0.010562952,0.0072195902,0.30311388,0.10516223,0.010907871,0.17126673,0.037571542
0.35101056,0.028644117,0.03560026,0.04490156,0.05684922,0.09299863,0.063562915,0.06727453,0.058735833,0.09603537,0.06264405,0.041742973
0.0066044526,0.06466792,0.0037943993,0.004785764,0.0060591865,0.040719584,0.71534646,0.007170353,0.0062602684,0.13346565,0.0066768196,0.0044491105
0.4992447,0.004843628,0.00601989,0.00759271,0.302873,0.015725771,0.010748285,0.10912923,0.009932041,0.016239272,0.010592908,0.0070586023
0.19706896,0.19271217,0.004654818,0.0058709853,0.08301992,0.049953166,0.12169113,0.0087963035,0.31002685,0.012556851,0.008190857,0.005457992
0.014825954,0.0068534794,0.008517828,0.0107432855,0.08275982,0.7138302,0.084366165,0.01609631,0.014053316,0.022977717,0.014988407,0.009987552
0.12229888,0.0028757972,0.14867136,0.06254687,0.06374639,0.24149232,0.035400994,0.006754194,0.20903298,0.00964171,0.09334761,0.004190889
0.011613338,0.005368408,0.006672111,0.008415338,0.010654537,0.017429568,0.0119128,0.17512493,0.22769679,0.12634304,0.011740589,0.38702855
0.014825954,0.0068534794,0.008517828,0.0107432855,0.013601919,0.16056694,0.015208257,0.01609631,0.15236913,0.5762409,0.014988407,0.009987552
0.009138167,0.0042242296,0.30363458,0.049248118,0.008383716,0.013714774,0.009373804,0.35093203,0.008661941,0.18466805,0.05186465,0.006155955
0.6607116,0.0064101657,0.13733578,0.0100483615,0.012722085,0.0854963,0.01422452,0.01505513,0.0131442845,0.021491416,0.0140188895,0.009341512
0.33728924,0.0064101657,0.0079668565,0.0100483615,0.07740654,0.15018076,0.01422452,0.01505513,0.0131442845,0.28022927,0.078703344,0.009341512
0.025341235,0.7209624,0.014559081,0.01836294,0.023249052,0.038032714,0.025994685,0.02751259,0.024020603,0.039274618,0.025618905,0.017071202
0.35101056,0.028644117,0.03560026,0.04490156,0.05684922,0.09299863,0.063562915,0.06727453,0.058735833,0.09603537,0.06264405,0.041742973
0.0048218607,0.0022289644,0.16021635,0.048478644,0.07190066,0.007236761,0.004946198,0.0052350205,0.0045705745,0.052457664,0.63465905,0.003248262
0.010478096,0.004843628,0.00601989,0.00759271,0.156243,0.21123241,0.108501606,0.011375908,0.25431532,0.016239272,0.20609954,0.0070586023
0.025587589,0.023158593,0.023665674,0.045414235,0.004144133,0.19641404,0.17319773,0.0891862,0.19391638,0.028071208,0.19420128,0.0030429342
0.113793254,0.0050925342,0.006329242,0.007982887,0.16427207,0.01653389,0.4224074,0.011960497,0.1646075,0.06846213,0.011137259,0.0074213324
0.009545037,0.00441231,0.13905662,0.051440854,0.05328126,0.19242248,0.009791166,0.0103629,0.009047607,0.05931746,0.45489228,0.0064300443
0.39650252,0.0020449793,0.0025415968,0.0032056412,0.004058616,0.10981801,0.06644508,0.025438625,0.08673618,0.006856219,0.2933724,0.002980141
0.05473052,0.0024493283,0.003044141,0.0038394856,0.27673683,0.08210014,0.005435198,0.0057525747,0.12860231,0.008211884,0.4255282,0.0035693976
0.08398386,0.14516927,0.008517828,0.0107432855,0.013601919,0.43719855,0.15352407,0.01609631,0.014053316,0.022977717,0.084146306,0.009987552
0.022662362,0.433324,0.11873201,0.016421758,0.12650335,0.13972421,0.023246735,0.024604177,0.021481337,0.03512282,0.022910679,0.015266572
0.09859357,0.00441231,0.22810516,0.0069165905,0.008756995,0.37051952,0.009791166,0.0103629,0.009047607,0.05931746,0.18774667,0.0064300443
0.008420312,0.0038923924,0.0048376494,0.12393504,0.20411421,0.13047086,0.32285997,0.16625306,0.007981496,0.013050057,0.008512576,0.00567237
0.24695636,0.0020036327,0.0024902094,0.0031408279,0.003976557,0.43109357,0.0044461745,0.0047057993,0.02432702,0.0067175967,0.26722234,0.002919887
0.2560428,0.0060207187,0.0074828337,0.009437878,0.43723124,0.019547421,0.13486949,0.07489505,0.012345709,0.020185715,0.013167178,0.008773972
0.033187225,0.015341203,0.48348725,0.024048356,0.030447276,0.049808163,0.034042995,0.19083768,0.031457707,0.051434577,0.03355087,0.02235668
0.35101056,0.028644117,0.03560026,0.04490156,0.05684922,0.09299863,0.063562915,0.06727453,0.058735833,0.09603537,0.06264405,0.041742973
0.012278491,0.0056758826,0.0070542553,0.008897325,0.011264774,0.07570272,0.012595105,0.013330569,0.01163861,0.07630446,0.01241303,0.7528448
0.2723027,0.022221185,0.027617538,0.03483319,0.044101793,0.07214535,0.049310062,0.05218942,0.04556537,0.07450115,0.048597235,0.256615
0.4995239,0.0030529893,0.0037943993,0.03559323,0.0060591865,0.009912116,0.0067747557,0.007170353,0.0062602684,0.010235783,0.0066768196,0.40494618
0.22830202,0.11371274,0.006672111,0.008415338,0.010654537,0.017429568,0.0119128,0.44598576,0.011008121,0.017998707,0.011740589,0.116167694
0.013866946,0.0064101657,0.3313892,0.0100483615,0.142091,0.020811835,0.01422452,0.01505513,0.0131442845,0.2155448,0.078703344,0.13871042
0.22229967,0.0068534794,0.008517828,0.07990119,0.013601919,0.22972485,0.015208257,0.085254215,0.014053316,0.29960933,0.014988407,0.009987552
0.025341235,0.7209624,0.014559081,0.01836294,0.023249052,0.038032714,0.025994685,0.02751259,0.024020603,0.039274618,0.025618905,0.017071202
0.009138167,0.0042242296,0.005250072,0.51813805,0.17888914,0.22684656,0.009373804,0.009921167,0.008661941,0.014162609,0.009238296,0.006155955
0.0027676122,0.0012793627,0.0015900524,0.19565466,0.29946786,0.24944264,0.028658869,0.0030047542,0.002623381,0.18502855,0.028617827,0.0018644108
0.15314177,0.0068534794,0.008517828,0.21821699,0.013601919,0.022251138,0.015208257,0.01609631,0.014053316,0.29960933,0.22246212,0.009987552
0.42482132,0.0029617453,0.003680997,0.0046427334,0.27485868,0.15904954,0.00657228,0.036842786,0.0359599,0.009929868,0.006477271,0.03420287
0.009989826,0.0046179197,0.005739369,0.007238897,0.009165063,0.43438444,0.05684648,0.010845801,0.056068268,0.3416759,0.056698337,0.0067296783
0.09753855,0.0018537154,0.002303885,0.2647855,0.3216758,0.23048675,0.004113499,0.041765083,0.022506805,0.0062149675,0.0040540346,0.0027014131
0.0072770114,0.07125332,0.004180799,0.3447203,0.006676219,0.044866227,0.0753541,0.00790054,0.07478722,0.045222856,0.3128592,0.004902182
0.005432847,0.0025114,0.0031212866,0.20667545,0.18238065,0.3376041,0.005572939,0.0058983583,0.030492054,0.13513167,0.08151938,0.0036598546
0.022662362,0.010475954,0.013020011,0.016421758,0.020791348,0.35114822,0.023246735,0.34174022,0.021481337,0.14083484,0.022910679,0.015266572
0.005432847,0.0025114,0.0031212866,0.7642068,0.004984309,0.008153743,0.030915275,0.0058983583,0.00514972,0.109789334,0.03083471,0.029002188
0.15131833,0.0028757972,0.0035741767,0.29470235,0.005707518,0.0673757,0.0063815564,0.006754194,0.0058969297,0.4159138,0.035308737,0.004190889
0.066180535,0.0029617453,0.093341194,0.57249063,0.06565156,0.009615876,0.066345744,0.036842786,0.0060731694,0.039816603,0.036364,0.0043161414
0.0048218607,0.0022289644,0.025262559,0.2958939,0.0044237664,0.4120981,0.07242309,0.09520421,0.07204747,0.0074730674,0.0048746956,0.003248262
0.015927464,0.0073626656,0.009150669,0.45731786,0.0146124875,0.09820037,0.23922637,0.091588266,0.015097422,0.02468487,0.016101986,0.010729587
0.018707208,0.0086476365,0.010747691,0.0135557465,0.017162735,0.028076215,0.019189594,0.020310128,0.017732302,0.2907808,0.5424878,0.01260217
0.0072770114,0.0033638878,0.004180799,0.20894144,0.3461234,0.3503687,0.007464657,0.00790054,0.006897778,0.011278135,0.041301467,0.004902182
0.12074566,0.021628764,0.00032891374,0.043143082,0.029900895,0.04625797,0.013939836,0.28636664,0.0005426652,0.13708352,0.29967642,0.00038566673
0.0070381053,0.0032534504,0.004043542,0.10359091,0.40042067,0.109053865,0.0072195902,0.0076411627,0.26931375,0.010907871,0.072775826,0.0047412417
0.07269871,0.0032534504,0.004043542,0.23491213,0.0064570364,0.14188416,0.0072195902,0.23745328,0.0066713216,0.24072,0.039945524,0.0047412417
0.013866946,0.0064101657,0.20202024,0.13941728,0.27145994,0.020811835,0.01422452,0.01505513,0.0131442845,0.2155448,0.078703344,0.009341512
0.017205786,0.007953586,0.009885092,0.012467776,0.015785271,0.025822846,0.17816745,0.098939046,0.33734506,0.26744303,0.017394315,0.011590733
0.06955337,0.0056758826,0.121603996,0.008897325,0.011264774,0.07570272,0.012595105,0.3569798,0.01163861,0.30540395,0.01241303,0.008271445
0.028738337,0.28139326,0.016510788,0.020824572,0.026365688,0.31123978,0.029479384,0.03120077,0.027240667,0.17859386,0.02905323,0.01935967
0.011613338,0.005368408,0.006672111,0.008415338,0.064826705,0.017429568,0.06608497,0.60850227,0.17352463,0.017998707,0.011740589,0.007823362
0.35101056,0.028644117,0.03560026,0.04490156,0.05684922,0.09299863,0.063562915,0.06727453,0.058735833,0.09603537,0.06264405,0.041742973
0.048070513,0.022221185,0.027617538,0.03483319,0.26833394,0.07214535,0.049310062,0.27642158,0.04556537,0.07450115,0.048597235,0.032382853
0.010478096,0.004843628,0.00601989,0.00759271,0.2539963,0.015725771,0.010748285,0.54901916,0.009932041,0.113992594,0.010592908,0.0070586023
0.020495718,0.009474397,0.20298597,0.014851749,0.018803583,0.03076045,0.021024222,0.5958841,0.019427605,0.03176489,0.020720296,0.013807005
0.062447812,0.0027946967,0.003473381,0.0043808734,0.00554656,0.00907352,0.09080476,0.79619336,0.00573063,0.009369803,0.0061119394,0.0040727016
0.010478096,0.004843628,0.00601989,0.00759271,0.00961302,0.015725771,0.010748285,0.20688254,0.009932041,0.5538825,0.15722288,0.0070586023
0.35101056,0.028644117,0.03560026,0.04490156,0.05684922,0.09299863,0.063562915,0.06727453,0.058735833,0.09603537,0.06264405,0.041742973
0.005170768,0.002390251,0.051210374,0.003746878,0.0047438676,0.05600007,0.005304102,0.053853486,0.029021127,0.008013815,0.777062,0.0034833045
0.1651816,0.0050925342,0.006329242,0.059371237,0.010107017,0.01653389,0.011300622,0.011960497,0.010442432,0.017073782,0.6791858,0.0074213324
0.078832865,0.09538218,0.002303885,0.021611514,0.041090403,0.0060184435,0.004113499,0.060470775,0.15344664,0.0062149675,0.52781343,0.0027014131
0.60486937,0.0034820864,0.14487751,0.0054584024,0.006910804,0.011305262,0.042864397,0.008178145,0.007140148,0.01167442,0.14816505,0.005074432
0.006407067,0.0029617453,0.15311466,0.034529462,0.12542503,0.009615876,0.00657228,0.036842786,0.09573337,0.09959007,0.42489153,0.0043161414
0.005879876,0.057573184,0.0033781147,0.0042607165,0.0053944318,0.09110737,0.006031495,0.08866641,0.005573453,0.009112812,0.7190612,0.0039609973
0.0041659484,0.0019257608,0.0023934266,0.2362111,0.0038220063,0.122848526,0.0042733722,0.0045229066,0.0039488445,0.064754605,0.5483271,0.0028064044
0.0044238507,0.10522358,0.2088988,0.0032056412,0.29295868,0.10981801,0.004537924,0.23179582,0.0041933064,0.027491938,0.004472324,0.002980141
0.012278491,0.0056758826,0.064329125,0.0661722,0.011264774,0.19025247,0.12714486,0.24243005,0.06891348,0.01902958,0.18423764,0.008271445
0.35101056,0.028644117,0.03560026,0.04490156,0.05684922,0.09299863,0.063562915,0.06727453,0.058735833,0.09603537,0.06264405,0.041742973
0.068219386,0.0030529893,0.0037943993,0.03559323,0.0060591865,0.040719584,0.06838969,0.007170353,0.0062602684,0.22588806,0.5304038,0.0044491105
0.079446495,0.0024493283,0.003044141,0.0038394856,0.004861117,0.18096404,0.1042991,0.0057525747,0.0050224396,0.008211884,0.59854,0.0035693976
0.015927464,0.0073626656,0.009150669,0.011541469,0.0146124875,0.02390431,0.016338171,0.017292203,0.68376195,0.02468487,0.1646941,0.010729587
0.005879876,0.002718045,0.0033781147,0.0042607165,0.0053944318,0.008824656,0.30773476,0.0063836914,0.2524216,0.009112812,0.3899303,0.0039609973
0.30752268,0.0042242296,0.005250072,0.1771272,0.008383716,0.013714774,0.009373804,0.009921167,0.008661941,0.014162609,0.43550187,0.006155955
0.014825954,0.0068534794,0.008517828,0.0107432855,0.013601919,0.09140904,0.29183987,0.01609631,0.22152703,0.022977717,0.014988407,0.2866192
0.014825954,0.0068534794,0.008517828,0.0107432855,0.013601919,0.09140904,0.015208257,0.085254215,0.014053316,0.022977717,0.7065674,0.009987552
0.048070513,0.24645336,0.2518497,0.03483319,0.044101793,0.07214535,0.049310062,0.05218942,0.04556537,0.07450115,0.048597235,0.032382853
0.003432268,0.001586608,0.033992577,0.06652845,0.56351054,0.02116156,0.0035207728,0.019736692,0.1953774,0.0853711,0.0034698765,0.0023121582
0.004715792,0.0021799325,0.0027093233,0.0034171897,0.31229177,0.0070775705,0.026834918,0.48906538,0.0044700336,0.11729629,0.026764985,0.0031768081
0.028738337,0.013284648,0.016510788,0.020824572,0.026365688,0.043131165,0.029479384,0.567418,0.027240667,0.044539552,0.16310753,0.01935967
0.030014545,0.0024493283,0.003044141,0.0038394856,0.44974867,0.007952215,0.05486715,0.20348036,0.0050224396,0.23065564,0.0053566266,0.0035693976
0.048070513,0.022221185,0.47608188,0.03483319,0.044101793,0.07214535,0.049310062,0.05218942,0.04556537,0.07450115,0.048597235,0.032382853
0.025341235,0.7209624,0.014559081,0.01836294,0.023249052,0.038032714,0.025994685,0.02751259,0.024020603,0.039274618,0.025618905,0.017071202
0.009989826,0.0046179197,0.005739369,0.007238897,0.14896221,0.34118634,0.010247425,0.15064296,0.10266733,0.015482538,0.1964955,0.0067296783
0.14323588,0.0064101657,0.0079668565,0.0100483615,0.012722085,0.020811835,0.01422452,0.01505513,0.27188212,0.47428265,0.0140188895,0.009341512
0.051764525,0.04685059,0.005250072,0.0066217612,0.008383716,0.013714774,0.009373804,0.009921167,0.008661941,0.2272944,0.6060073,0.006155955
0.0057229106,0.0026454856,0.0032879345,0.004146975,0.16542271,0.03528446,0.005870482,0.19308095,0.05881543,0.3559095,0.1659579,0.003855257
0.35101056,0.028644117,0.03560026,0.04490156,0.05684922,0.09299863,0.063562915,0.06727453,0.058735833,0.09603537,0.06264405,0.041742973
0.013024465,0.0060207187,0.0074828337,0.009437878,0.01194916,0.20181118,0.4386424,0.014140462,0.25536403,0.020185715,0.013167178,0.008773972
0.11610109,0.009474397,0.011775228,0.014851749,0.11440895,0.12636583,0.021024222,0.309068,0.019427605,0.12737027,0.11632566,0.013807005
0.061965078,0.028644117,0.32464573,0.04490156,0.05684922,0.09299863,0.063562915,0.06727453,0.058735833,0.09603537,0.06264405,0.041742973
0.000615217,0.0002843916,0.00035345534,0.49404672,0.055090107,0.12719333,0.017849717,0.106849514,0.08093679,0.07556757,0.03505923,0.006153988
0.061965078,0.3176896,0.03560026,0.04490156,0.05684922,0.09299863,0.063562915,0.06727453,0.058735833,0.09603537,0.06264405,0.041742973
0.010478096,0.6402402,0.00601989,0.00759271,0.00961302,0.015725771,0.20625493,0.011375908,0.009932041,0.016239272,0.059469562,0.0070586023
0.2655868,0.4705995,0.0032024442,0.056041684,0.0051139076,0.08636955,0.03171911,0.0060517234,0.031284887,0.008638923,0.03163645,0.0037550156
0.0041659484,0.2739835,0.0023934266,0.0030187585,0.0038220063,0.41433895,0.0042733722,0.0045229066,0.02338154,0.0841873,0.17910586,0.0028064044
0.0048218607,0.609521,0.002770262,0.0034940501,0.0044237664,0.074713655,0.027438497,0.072711915,0.0045705745,0.0074730674,0.18481308,0.003248262
0.017205786,0.007953586,0.812475,0.012467776,0.015785271,0.025822846,0.017649457,0.018680058,0.016309125,0.026666055,0.017394315,0.011590733
0.028738337,0.6835562,0.016510788,0.020824572,0.026365688,0.043131165,0.029479384,0.03120077,0.027240667,0.044539552,0.02905323,0.01935967
0.099256046,0.0023339563,0.09710781,0.05076216,0.028183905,0.17243999,0.09938624,0.029033372,0.004785865,0.007825076,0.40548432,0.0034012664
0.005298569,0.027165303,0.003044141,0.20156728,0.004861117,0.03266819,0.05486715,0.030468548,0.22746621,0.008211884,0.40081224,0.0035693976
0.033187225,0.015341203,0.019066771,0.17885518,0.030447276,0.049808163,0.034042995,0.19083768,0.031457707,0.051434577,0.3431645,0.02235668
0.0066044526,0.033860456,0.06540933,0.004785764,0.0060591865,0.28717932,0.0067747557,0.03797782,0.09868267,0.04104325,0.40717387,0.0044491105
0.10680219,0.0025114,0.38325632,0.13064846,0.10635365,0.033496078,0.005572939,0.0058983583,0.00514972,0.160474,0.005492376,0.054344524
0.2627264,0.0036088936,0.0044853035,0.005657181,0.043579526,0.4487216,0.117259495,0.008475969,0.043817222,0.048516624,0.00789257,0.005259228
0.033187225,0.015341203,0.019066771,0.024048356,0.030447276,0.049808163,0.034042995,0.5004514,0.031457707,0.051434577,0.03355087,0.1771635
0.048070513,0.24645336,0.027617538,0.03483319,0.044101793,0.07214535,0.049310062,0.27642158,0.04556537,0.07450115,0.048597235,0.032382853
0.0035458072,0.0016390928,0.002037142,0.052189246,0.2844323,0.021861583,0.020177193,0.0038496284,0.3341601,0.18743488,0.020124612,0.06854846
0.009138167,0.0042242296,0.09050278,0.0066217612,0.008383716,0.31209928,0.09462652,0.13780025,0.008661941,0.099415325,0.009238296,0.21928775
0.013024465,0.0060207187,0.0074828337,0.009437878,0.01194916,0.08030201,0.013360315,0.31791338,0.3768732,0.020185715,0.013167178,0.13028313
0.00810208,0.0037452858,0.19362171,0.0058709853,0.045226544,0.3145068,0.008311001,0.0087963035,0.04547322,0.05035023,0.12157098,0.19442488
0.11294506,0.038619537,0.0043277014,0.0054584024,0.006910804,0.011305262,0.07800185,0.6406523,0.007140148,0.04681187,0.0076152454,0.04021188
0.32121488,0.048936576,0.0054838276,0.0069165905,0.008756995,0.103373945,0.009791166,0.0103629,0.009047607,0.41551155,0.054173887,0.0064300443
0.080641136,0.0036088936,0.077319406,0.005657181,0.043579526,0.048134018,0.0080083385,0.33622944,0.0074001714,0.3762701,0.00789257,0.005259228
0.020495718,0.7743174,0.011775228,0.014851749,0.018803583,0.03076045,0.021024222,0.022251887,0.019427605,0.03176489,0.020720296,0.013807005
0.016993899,0.14132588,0.0017235586,0.058149513,0.0027523101,0.0045024557,0.28295553,0.073226586,0.2407401,0.032637294,0.14297195,0.0020209532
0.000615217,0.16099165,0.020441866,0.0320133,0.14405306,0.28216106,0.16994767,0.066672705,0.040759973,0.026781434,0.05514764,0.0004144429
0.2844269,0.0021330116,0.0026510076,0.13248792,0.0042333314,0.09302142,0.0047332733,0.005009663,0.00437382,0.07172351,0.004664849,0.3905413
0.0033781824,0.0015616062,0.017698878,0.0024479218,0.0030992783,0.005070055,0.0034652923,0.0036676407,0.20805667,0.55676705,0.019173238,0.17561418
0.022662362,0.010475954,0.11873201,0.016421758,0.020791348,0.0340122,0.023246735,0.024604177,0.021481337,0.03512282,0.022910679,0.64953864
0.024552904,0.0020036327,0.0024902094,0.0031408279,0.18594302,0.04694217,0.0044461745,0.22710925,0.004108524,0.18868405,0.0043819,0.30619732
0.011016548,0.0050925342,0.006329242,0.007982887,0.010107017,0.01653389,0.11407732,0.011960497,0.010442432,0.5823456,0.011137259,0.21297474
0.0068143867,0.0031500338,0.035701744,0.004937888,0.006251788,0.1055874,0.006990103,0.22990541,0.006459262,0.2330683,0.006889054,0.35424462
0.21318275,0.0040515275,0.045919064,0.0063510397,0.048924595,0.13580498,0.008990569,0.009515554,0.049191445,0.013583591,0.008860601,0.45562428
0.0068143867,0.0031500338,0.035701744,0.004937888,0.006251788,0.16916087,0.006990103,0.32526562,0.006459262,0.010561145,0.006889054,0.4178181
0.025341235,0.011714296,0.014559081,0.01836294,0.023249052,0.038032714,0.025994685,0.02751259,0.14222862,0.039274618,0.26203492,0.37169522
0.048070513,0.022221185,0.47608188,0.03483319,0.044101793,0.07214535,0.049310062,0.05218942,0.04556537,0.07450115,0.048597235,0.032382853
0.017205786,0.08821258,0.009885092,0.012467776,0.015785271,0.025822846,0.017649457,0.018680058,0.016309125,0.026666055,0.73972523,0.011590733
0.026138337,0.0021330116,0.0026510076,0.32620433,0.13337761,0.049973328,0.06930542,0.02653371,0.00437382,0.35153612,0.004664849,0.0031084304
0.08351975,0.001963925,0.0024408589,0.0030785836,0.65788543,0.06582969,0.0043580607,0.04424816,0.004027102,0.0065844683,0.10338411,0.02267983
0.0075327074,0.0034820864,0.0043277014,0.0054584024,0.006910804,0.22212996,0.007726946,0.2541403,0.1125525,0.25763658,0.113027595,0.005074432
0.008764565,0.0040515275,0.00503543,0.0063510397,0.21245915,0.013154063,0.008990569,0.5410028,0.17184235,0.013583591,0.008860601,0.0059042773
0.028738337,0.013284648,0.016510788,0.020824572,0.5625829,0.17718548,0.029479384,0.03120077,0.027240667,0.044539552,0.02905323,0.01935967
0.12148221,0.041538663,0.19362171,0.0058709853,0.0074331695,0.049953166,0.008311001,0.046589676,0.04547322,0.46607736,0.008190857,0.005457992
0.09902685,0.0030529893,0.0037943993,0.18963057,0.0060591865,0.009912116,0.0067747557,0.28443754,0.12949014,0.2566955,0.0066768196,0.0044491105
0.012278491,0.0056758826,0.064329125,0.0661722,0.12581451,0.018427845,0.5853438,0.013330569,0.01163861,0.01902958,0.01241303,0.06554631
0.0040865364,0.0018890514,0.1167214,0.0029612142,0.38499448,0.23488034,0.023254178,0.0044366894,0.09918489,0.10164476,0.023193577,0.002752908
0.033187225,0.015341203,0.17387359,0.17885518,0.030447276,0.049808163,0.034042995,0.036030862,0.031457707,0.36104825,0.03355087,0.02235668
0.31311172,0.0073626656,0.009150669,0.011541469,0.088908546,0.02390431,0.016338171,0.017292203,0.23798561,0.02468487,0.23899017,0.010729587
0.03926585,0.01815112,0.02255907,0.02845309,0.036024045,0.24209258,0.22343984,0.04263033,0.03721955,0.2440169,0.039696094,0.026451563
0.025341235,0.7209624,0.014559081,0.01836294,0.023249052,0.038032714,0.025994685,0.02751259,0.024020603,0.039274618,0.025618905,0.017071202
0.054069303,0.18250938,0.0054838276,0.0069165905,0.4094754,0.058849677,0.009791166,0.1439357,0.009047607,0.05931746,0.054173887,0.0064300443
0.033307448,0.002718045,0.0033781147,0.0042607165,0.19738743,0.036252227,0.006031495,0.52750754,0.005573453,0.14625067,0.033371873,0.0039609973
0.009138167,0.0042242296,0.09050278,0.0066217612,0.008383716,0.013714774,0.09462652,0.73456925,0.008661941,0.014162609,0.009238296,0.006155955
0.003605441,0.0016666594,0.08616203,0.019430723,0.03694402,0.15677425,0.0036984112,0.52527624,0.0034175473,0.106496565,0.054099318,0.0024288169
